1	0	0
1	0.44	0
1	1.33	1.11
1	0	0
1	0	0
1	0	0
1	0	0
1	0	0
1	0	0
1	0.4	0
1	0	0
1	0	0
1	0	0
1	0	0
1	0	0
1	0	0
1	0	0
1	0	0
1	0	0
1	0	0
1	0.16	0
1	0	0
1	0	0
1	1.03	0
1	0.3	0.76
1	0	0
1	0.23	0
1	0	0
1	0	0
1	0	0
1	0	0
1	0	0.41
1	0	0
1	0	0
1	0	0
1	0	0
1	0	0
1	0.91	0
1	0	0.48
1	0	0
1	0	0
1	0	0
1	0	0
1	0	0
1	0	0
1	0	0
1	0	3.33
1	0	0
1	0	0
1	0	0
1	0	0
1	0	0
1	0	0.87
1	1.33	0
1	0	1.34
1	0	0
1	0.38	0
1	0	0
1	0	0.36
1	0.08	0.65
1	0	0
1	0	0
1	0	0.27
1	0	0
1	0	0
1	0.23	0
1	0	0.41
1	0	0
1	0	0
1	0	0
1	0.32	0
1	0	0
1	1.07	0
1	0	0
1	0	0
1	0	2.22
1	0	0
1	0.48	0
1	0	0
1	0	0
1	0	0
1	0	0
1	0.33	0
1	0	0
1	0	0
1	0.65	0
1	0.02	0.45
1	0	0
1	1.81	0
1	0	1.47
1	1.88	0
1	0.14	0
1	0	0
1	0	0
1	0	0
1	0	0
1	0	0
1	0	0
1	0	0
1	0	0
1	0	0.2
1	0	0
1	0	0
1	0	1.92
1	0	0
1	1.21	0
1	0	0
1	0	0
1	0	1.06
1	0	0
1	0	1.61
1	0.23	0.23
1	0.14	0
1	0	0.67
1	0	0
1	0.45	0
1	0	0.19
1	1.25	0
1	0	1.04
1	0	0
1	0.44	0.44
1	0	0
1	0	0
1	0.88	0
1	0	0
1	0	0
1	0	0
1	1.57	0
1	0.44	0
1	0	1.12
1	0	0
1	1.3	0
1	0	0
1	0	1.27
1	0	0
1	0	0
1	0	0
1	0	0
1	0	0
1	0	0
1	0	0
1	0	0
1	1.36	0
1	0.49	0
1	0	0
1	0	0.29
1	0	0
1	0	0.26
1	0	0
1	0	0
1	0	0.99
1	1.26	0
1	1.26	0
1	0	0.3
1	0.93	0
1	1.41	0
1	0	0.94
1	0	0
1	0.88	0.88
1	0	0
1	0	0
1	0	0
1	0	1.23
1	0	0
1	0	0.44
1	2.32	0
1	0.19	0
1	0	0
1	0	0.17
1	0	0
1	0	0
1	0	0
1	1.02	0
1	0.26	0
1	0.86	0
1	0	0
1	0	0.16
1	0	0
1	0	0
1	0	0
1	1.17	0
1	0	0
1	0	0
1	0	0
1	0	0
1	2	0
1	0	0
1	0	0
1	0	0
1	0	0
1	0	0
1	2.4	0
1	0	0
1	0	0.49
1	0.55	0
1	0	0
1	0.91	0
1	0	1.47
1	0	0
1	0	0
1	0.68	0
1	0	0
1	0	0
1	0	0
1	0	0
1	0	0
1	0	0
1	0	0
1	0	0
1	0	0
1	0	0
1	0	0
1	0	0
1	0	0
1	0	0
1	0	0
1	0	0
1	0	0
1	0	0
1	0.29	0
1	0	0
1	0.82	0
1	0.16	0
1	0	0
1	0	0
1	0	0
1	0	0
1	0	0
1	0	0
1	0	0.89
1	0	0
1	0	0
1	0.12	0
1	0	0
1	0	0
1	0	0.71
1	0	0
1	0	0
1	0	0
1	0	0
1	0	0
1	0	0
1	0	0
1	0.94	0
1	0.46	0
1	0.25	0
1	0	0.67
1	0.98	0
1	0	0
1	0	0
1	0.8	0
1	0	0
1	0	0
1	0	0
1	0	0.89
1	2.59	0
1	0.31	0
1	0	0
1	0.19	0
1	0	0
1	0	0
1	0.96	0
1	0	0
1	0	0.49
1	0	0
1	0.47	0
1	0	0
1	0	0
1	1.63	0
1	0	0
1	0.14	0
1	0	0
1	2.12	0
1	0.65	0
1	0.8	0
1	0	0
1	0.3	0
1	0	0
1	0	0
1	0	0
1	0	0
1	0	0.29
1	0	0
1	0	0
1	0	0
1	0	0
1	0	0
1	0.35	0
1	0	0
1	2.06	0
1	0.74	0
1	0	0
1	0	0
1	0	0
1	0	0
1	0	0
1	1.56	0
1	0	0
1	0.05	0.3
1	0	0.84
1	0	0
1	0.37	0.06
1	0	0
1	0	0
1	0.29	0
1	0	0
1	0.36	0
1	0	0
1	0	0
1	0.86	0
1	1.24	0
1	0.33	0
1	0	0
1	0	0
1	0	0
1	0	0.22
1	0	0
1	0.25	0
1	0	0
1	0	0
1	0	0
1	0.38	0
1	0	0
1	0	0
1	0	0
1	0	0
1	0	0.8
1	0	0
1	0.37	0
1	0	0.46
1	0	0
1	0.58	0
1	0.58	0
1	0	0.26
1	2.13	0.32
1	0	0
1	0	0
1	0.24	0
1	0	0
1	0	0
1	1.31	0
1	0	0
1	0	0.47
1	0	0
1	0	1.01
1	0	0
1	0	0
1	0	0
1	0	0
1	0	0
1	0	0.93
1	0.58	0
1	0	0.78
1	0.64	0
1	0.16	0
1	5	0
1	0	0
1	0.43	0
1	0	0
1	0	0
1	0	0.26
1	0	0
1	0	0
1	1.23	0
1	0	0
1	0.02	0.97
1	0	0
1	0	0
1	0	0.08
1	0	0
1	0	0
1	0	0.48
1	0	0.43
1	0.9	0
1	0	0
1	0	0
1	0	0
1	0	0
1	0.68	0
1	0	0
1	0	0
1	0	0
1	0	0
1	0	0
1	0.64	0
1	0.36	1.08
1	0	1.78
1	0	0.99
1	0	0.05
1	0	0
1	0	0
1	0.77	0
1	0	0
1	0	0.15
1	0	0
1	0.72	0
1	0	0.27
1	0	0
1	2.22	0
1	0	0
1	0	0.75
1	0	0
1	0	0.33
1	0	0
1	0	0
1	0	0
1	0	0
1	0	0
1	0	0
1	0.14	0.29
1	1.43	0
1	0	0
1	0	0
1	0	1.35
1	0	0
1	0	0
1	0	0
1	0	0
1	0	4.54
1	0.58	0
1	0	0
1	0	0
1	0	0.33
1	0	0
1	0	0.47
1	0	0
1	0	0
1	0	0
1	0	0.64
1	0	0
1	0	0
1	0	0
1	0.13	0
1	0	0
1	0.12	0
1	0.13	0.55
1	0	0
1	0	0
1	0	0
1	0	0
1	0.5	0
1	0	0
1	0	3.03
1	0	0
1	0	0
1	1.39	0
1	1.12	0
1	0	0
1	0	0
1	5.4	0
1	0	0.66
1	0	0
1	0	0
1	0	0
1	0.32	0
1	0	0
1	0	0
1	0	0
1	0	0.35
1	0	0
1	0	0
1	0	0
1	0	0
1	0	0.08
1	0	0
1	0	0.28
1	0	0
1	0	0
1	1.47	0
1	0	0.24
1	0	0
1	0	0
1	0	0
1	0.32	0
1	0	0
1	1.09	0
1	0	0
1	1.35	0
1	0	1.11
1	0	0
1	0	0
1	0	0
1	0.09	0
1	0	0
1	0	0.12
1	0	0
1	0	0
1	0	0
1	0	0
1	0.41	0
1	0.22	0
1	0	1.29
1	0	1.47
1	0	0
1	0	0
1	0	0
1	0	0
1	0	0
1	1.01	0
1	0.59	0.19
1	0	0
1	0	0
1	0	0
1	0	0.64
1	0	1.96
1	0	0
1	0	0
1	0	0
1	0	0.81
1	0	0
1	0	0
1	0	0
1	0	0
1	0	0
1	0	0
1	0.35	0
1	0	0
1	0	0
1	1.25	0
1	0	0
1	0	0
1	1.23	1.23
1	0	0
1	2.13	0
1	0.62	0
1	0	0
1	0	0
1	0.06	0.18
1	0	0
1	0	0
1	0	2.22
1	0.55	0
1	0	0
1	0.48	0
1	0	0
1	0	0
1	0	0
1	0	2.85
1	0	0
1	0	0
1	0	0
1	0	0
1	0	0
1	0	0
1	0	0
1	0	0
1	0	0
1	2.17	0
1	0	0
1	0	0
1	0	0.28
1	0	0
1	0.26	0
1	0.09	0
1	0	0
1	0.29	0.29
1	0.6	0
1	0.54	0
1	0	0.97
1	0	0.08
1	0	0
1	0	0
1	0	0
1	0	0
1	0	0
1	0	0.71
1	0	0
1	0	0.61
1	0	0
1	0	0.19
1	0.58	0
1	0.53	0
1	0.39	0
1	0	0
1	0	0
1	0	0.08
1	0	0
1	0.85	0
1	0	0
1	0	0
1	4.91	0
1	0	0
1	0.35	0.35
1	0	0
1	0	0
1	1.52	0
1	0	0
1	0	0.29
1	0	0.96
1	0	0
1	0	0
1	0	0
1	0	0
1	0	0.18
1	0	0
1	0	0.8
1	0	0.35
1	0	0
1	0.9	0
1	1.35	0
1	0	0
1	0	0.71
1	0	0
1	1.28	0.42
1	0	0
1	0	0
1	0	0
1	0.2	0
1	0.5	0.5
1	0.55	0
1	0	0
1	1.12	0
1	0	0
1	0	0
1	2.32	0
1	0.11	0
1	1.43	0
1	0.57	0
1	0	0
1	0.71	0
1	0	0
1	0	0
1	0	0
1	0.14	0
1	0	0
1	0	0.28
1	0	0
1	0	0
1	0	1.36
1	0	0
1	0.51	0.51
1	0	0
1	1.41	0
1	0	0.67
1	0.1	0
1	3.27	0.4
1	0.38	0
1	0.8	0
1	0	0
1	0	0
1	0	0
1	0	0
1	0	0.36
1	0	0
1	0	0
1	0	0
1	0	0
1	0	0
1	0	0
1	0	0
1	0	0.28
1	0	0
1	0.31	0
1	0.44	0
1	0	0
1	0	0
1	0	0
1	0	0.18
1	0	0.64
1	0	0
1	6.09	0
1	0	0
1	1.49	0
1	0	0
1	0	0
1	0	0
1	0	0
1	0	0
1	1.42	0
1	0	0
1	0	0
1	0	0
1	0	0
1	0	0
1	0	0
1	0	0
1	0	0
1	0.87	0
1	0	0
1	0.31	0
1	0	0
1	0	0
1	1.82	0
1	0	0
1	1.38	0
1	0.49	0.24
1	0	0
1	0	0
1	0	0
1	0	0
1	0.43	0
1	0	0.88
1	0	0
1	0	0
1	1.81	0
1	0	0
1	0	0.68
1	0.66	0
1	0	0
1	0	2.08
1	0	0
1	0	0
1	0	0
1	0	0
1	1.44	0
1	0.92	0.3
1	0	0
1	0	0
1	0	0
1	0	0
1	0	0
1	0	0
1	0	0
1	0.48	0
1	0	0
1	2.4	0
1	0	0
1	0.11	0
1	0	0
1	0	0
1	0	0
1	0	0
1	0	0
1	0	0
1	0.49	0.24
1	0	0
1	0	0
1	0	0
1	0	0
1	2.07	0
1	0	0
1	0	0
1	0	0
1	0.54	0
1	0.13	0.45
1	0	0
1	0.87	0
1	0	0.33
1	0	0
1	0	0
1	0.61	0
1	0	0
1	0	0
1	0	0
1	0.98	0
1	0.16	0
1	0	0
1	0	0.67
1	0	0
1	0	0
1	0	0
1	0	0
1	2.94	0
1	0.1	0
1	0	0
1	0	0
1	0.3	0
1	3.34	0
1	0	0.14
1	0	0
1	0	0
1	0.84	0
1	0	0.24
1	0	0
1	0	0
1	0.24	0
1	0	0
1	0	0
1	0	0
1	0	0.15
1	0	0
1	0	0
1	0.34	0
1	0	0.92
1	0	0
1	0	0
1	0	3.33
1	0	0
1	0.82	0
1	0	0
1	0	0
1	0	1.49
1	0	0
1	0.51	0
1	0	0.22
1	0	0
1	0	0
1	0.51	0
1	1.85	0
1	0.54	0
1	0.42	0
1	0	0
1	0	0
1	0.22	0
1	0	0.69
1	0	0.17
1	0.42	0
1	0	0
1	0	0.59
1	0.78	0
1	0	0
1	0.38	0
1	0	0
1	0	0.38
1	0	0
1	0	0
1	0.98	0
1	0	0.74
1	0	0
1	0	0
1	0	0
1	0.29	0
1	0	0
1	0	0
1	0.56	0
1	0	0
1	0	0
1	0	0
1	0	0
1	0	0.68
1	0.27	0
1	0	0.5
1	0	0.64
1	0	0
1	0	0
1	0.98	0
1	0	0
1	0	0
1	0	0
1	0	1.36
1	0.16	0.2
1	0	0
1	0	1.13
1	0	0
1	0	0
1	0	0
1	0.42	0
1	0	0
1	0	0
1	0	0.21
1	0	0.88
1	0	0
1	0.14	0
1	0	0.86
1	0	0
1	1.19	0
1	0.14	0
1	0	0.8
1	0	0
1	0	0
1	0	0.21
1	0	0
1	2.25	0
1	0	0
1	0.25	0
1	0	0.07
1	1.95	0
1	0	0
1	0	0
1	0.47	0
1	0.83	0
1	1.25	0
1	0.51	0
1	0.41	0
1	10.16	0
1	1.08	0
1	0	0
1	0	0
1	0	1.06
1	0.52	0
1	0.47	0
1	0	0
1	0	4.54
1	0	0
1	0	1.85
1	2.94	0
1	0.05	0
1	0.27	0
1	0	0
1	0	0
1	0	0
1	0.19	0.19
1	0	0
1	0	0
1	0	0
1	0	1.74
1	0	0
1	0	0
1	0	4.34
1	0	0
1	0.31	0
1	0.32	0
1	0	0
1	0.25	0
1	0	0
1	0	0
1	0	0.72
1	2.98	0
1	0	0
1	0	0
1	0	0
1	0	0.49
1	7.35	0
1	0.1	0
1	0	0
1	0	0
1	0.68	0
1	0	0
1	0	0
1	0	1.66
1	0	0
1	0	0.56
1	0	1.53
1	0	0
1	0.48	1.46
1	0.4	0
1	0	0
1	0	0
1	0	0
1	0	0
1	0	0
1	0	1.31
1	0	0
1	2.77	0
1	0	0
1	0	0
1	0	0
1	0.4	0
1	0	0
1	0	0
1	0	0.41
1	0	0
1	0	0
1	2.47	0
1	0	0
1	0.83	0
1	0	0
1	0	0
1	0	0
1	0	0
1	0.38	0
1	0	0
1	1.61	0
1	0	0
1	0	0
1	0	0
1	0.1	0.21
1	0	0
1	0	0
1	0	0
1	0	0
1	2.91	0
1	0	0
1	0	0
1	0	0
1	2.06	0
1	0	0
1	0.77	0
1	0.32	0
1	0	1.92
1	0	0
1	1.03	0
1	0	0
1	0	0
1	0.44	0
1	0.37	0
1	0.78	0
1	0	0
1	0	0
1	0	0.68
1	0	0
1	0	0
1	0.22	0
1	0	0
1	0	0
1	0.22	0
1	0.79	0
1	0	0
1	0	0
1	0	0.18
1	0.05	0
1	0	0
1	0	0
1	0.97	0
1	0	0
1	0.2	0
1	0	0
1	0	0
1	0	0
1	0	0
1	0	0
1	0.58	0
1	0	0
1	0	0
1	1.14	0
1	0	0
1	0	0.62
1	0	0
1	0	0
1	0	0
1	0	0.48
1	0	0
1	0	0
1	0	0.12
1	0	0
1	0.66	0
1	1.88	0
1	0	0.86
1	0	0
1	0	0
1	0.13	0
1	0	0
1	0.32	0
1	0.05	0
1	0	0
1	0	0.73
1	0	0
1	0.38	0
1	0	0
1	0.25	0
1	0	0
1	0	0
1	0.09	0
1	0	0
1	0	0
1	0	0
1	0	0
1	0	0
1	0.26	0
1	0	0
1	0	0
1	0	0
1	0.23	0
1	0.11	0
1	0	0.74
1	0.1	0
1	0.87	0
1	0.68	0.91
1	0	0
1	0	0
1	0.46	0
1	0	0
1	0	0
1	0	0
1	0.26	0
1	0	0
1	0	0.32
1	0.4	0
1	0.88	0
1	0	0
1	0.68	0
1	0	0.8
1	0.22	0
1	0	0
1	0	0
1	0	0
1	0	0.42
1	0	0
1	0	0.08
1	0	0
1	0.43	0
1	0	0.64
1	0	0
1	0	0
1	0	0
1	0	0.33
1	0.38	0
1	0.24	0
1	0	0
1	0	0
1	0	0
1	0	0.6
1	0.11	0.86
1	0	0
1	0	0
1	0.67	0
1	0	0
1	1.05	0
1	0	0
1	0	0
1	0	0
1	1.13	0
1	0	0.62
1	0.51	0
1	0	0.24
1	0	0
1	0	0
1	0	0
1	0	0
1	0	0
1	0.21	0
1	0.17	0
1	0	0
1	0.17	0
1	0	2.94
1	0	0
1	0	0.44
1	0	0.59
1	0	0.31
1	0	0.07
1	0	0
1	0	0
1	0	0
1	1.36	0
1	0	0
1	0	0.97
1	0.23	0.23
1	0	0
1	0	0.45
1	0.8	0.8
1	0	0
1	0	0
1	0	1.36
1	0.19	0.32
1	0	0
1	0.9	0
1	0.8	0.8
1	0	0
1	0	0
1	0	0
1	0	0
1	0.42	0.85
1	0.58	0.58
1	0	0.85
1	0	0
1	0	2.83
1	0.27	0
1	0	0
1	0.49	0.24
1	0	0
1	0	0
1	1.92	0
1	0.24	0
1	0	0
1	0	0
1	0	0
1	0.32	0
1	0	0.73
1	0	0
1	1.66	0
1	0	0
1	1.29	0
1	0	0
1	0	0
1	0	0
1	0	0
1	0.72	0
1	0.9	0
1	0	0
1	0.05	0
1	0	0
1	0	0
1	0	0
1	0	0
1	0	0
1	1.42	0
1	1.86	1.4
1	0.89	0
1	0.68	0
1	2.04	0
1	0	0
1	0.23	0
1	0	0
1	0	1.16
1	0	0
1	1.61	0
1	0	0
1	0.17	0
1	0	0
1	0	0
1	0	0
1	0.84	0.21
1	0	0
1	3.15	0
1	0	1.2
1	1.11	0
1	0	0
1	0	0
1	0	0.35
1	0	0.8
1	0	0
1	0	0
1	0	0
1	0.03	0
1	0	0
1	0	0
1	0	0
1	0	0
1	0	0
1	0.32	0
1	0	0
1	0	0
1	0	0
1	0	0
1	0	0
1	0	0.97
1	0	0
1	0	0
1	0	0
1	4.76	0
1	0	0.26
1	0	0
1	0	0
1	0	0
1	0	1.01
1	0	0
1	0	1.49
1	0	0
1	0	0
1	0	0.93
1	0.35	0
1	0	0
1	0	0
1	0.32	0
1	0.58	0
1	0	0
1	0	0
1	0.4	0
1	0	0.54
1	0.64	0.64
1	0	0
1	1.28	0
1	0	0
1	0	0
1	0	0.3
1	0	0.8
1	0	0
1	0	0
1	0	0
1	0	0
1	0	0.76
1	0.1	0
1	0.39	0
1	1.39	0
1	0.16	0
1	0	0
1	0	0
1	0.62	0
1	2.14	0
1	0	0
1	1.33	0
1	0	0
1	0	0
1	0.45	0
1	0	0.56
1	0	0
1	0	0
1	0	0.39
1	0	0
1	0	0
1	1.34	0
1	0	0
1	0	0
1	0	0
1	0	0
1	0	0
1	0.32	0.64
1	0	0
1	0	0
1	0	0
1	0	0
1	0	0
1	0	0.41
1	0.74	0
1	1.68	0
1	0	0
1	0.58	0
1	0	0
1	0	0
1	0	0.89
1	0.25	0
1	0	0
1	0	0
1	0.09	0.9
1	0	0
1	0	0
1	0	0
1	0	0.12
1	0	0
1	0	0
1	0	0
1	0	0
1	0	0
1	2.63	0
1	0	0
1	0	0
1	0	0.32
1	1.38	0
1	2.58	0
1	0	0
1	0.44	0
1	0	0
1	0	0
1	4.27	0
1	0	0
1	0	0.57
1	0	0
1	0.66	0
1	0	0
1	0	1.96
1	2.06	0
1	0.27	0
1	0	0
1	0	1.45
1	0	0
1	0	0
1	0	0
1	0	0
1	0	0
1	0.66	0
1	0	0
1	0	0
1	0	0
1	0	0.73
1	0	0.24
1	0	0
1	1.72	0
1	0	0
1	0	0
1	0.25	0
1	0	0
1	1.28	0
1	0	0
1	0.69	0
1	0	0
1	0	0
1	0	0
1	0	0
1	0	0
1	0.68	0
1	0	0
1	0	0
1	1.05	0
1	1.13	0
1	0.41	0
1	0	0.1
1	0	0
1	0	1.19
1	0	0
1	0	0
1	0.55	0
1	0	0
1	0	0
1	1.74	0
1	0.57	0
1	0	0
1	0	0
1	0.3	0
1	0.03	0.18
1	0	0
1	0	0
1	0	0
1	0	0
1	0	0
1	0	0
1	0	0
1	0	1.25
1	0.32	0
1	0	0
1	0	0.24
1	0	0
1	0	0
1	0.61	0
1	0	0.42
1	0	0.29
1	0	0
1	0	0
1	0	0
1	0	0
1	0.29	0.29
1	0	0
1	0.53	0
1	0.73	0
1	0.36	0
1	0	0
1	0	0
1	0	1.51
1	0.17	0.34
1	0.61	0
1	0	0
1	0	0
1	0	0
1	0.26	0.53
1	0	0
1	0	0
1	0.08	0.08
1	0.1	0
1	0	0.72
1	0	0.21
1	6.25	0
1	0	0
1	0.11	0
1	1.16	0
1	0	0.14
1	1.78	0
1	0.31	0
1	0	0
1	0	0
1	0.23	0
1	0	0
1	0.94	0
1	0	1.02
1	0	0
1	0.26	0
1	0	0
1	0	0
1	0	0
1	0.43	0
1	0	0
1	0	0.65
1	0	0
1	0	0
1	0.48	0
1	0.1	0
1	0	0
1	0	0.31
1	0	0
1	0	0
1	0	0
1	0.62	0
1	0	1.53
1	0	0.14
1	0	0.47
1	0	0
1	0	0
1	0	0
1	0.36	0
1	0	0
1	0	1.1
1	0	0
1	0	0.1
1	0	0.12
1	0	2.12
1	0	0
1	0	0
1	0.19	0
1	0.76	0
1	0	0.5
1	0	0
1	0	0
1	0	0
1	0	0
1	0	0
1	0	0
1	0	0
1	1	0
1	0.7	0
1	0.37	1.11
1	0	0
1	0	0.22
1	0.67	0
1	0	0
1	0.39	0
1	0.07	0.07
1	0	0
1	0.32	0
1	0	0
1	2.15	0
1	0	0
1	0	0
1	0	0
1	0	0.82
1	0	0
1	0	0.68
1	0	0
1	0	0
1	0	0
1	0	0
1	0	0
1	0	0
1	0.17	0
1	0	0
1	0	0.23
1	0	0.64
1	0.17	0
1	0.6	0
1	0	0
1	0	0
1	0	0
1	0	0
1	0.48	0
1	0	0
1	0	0.12
1	0.8	0
1	0	0
1	0.67	0
1	0	0.88
1	0	0
1	0	0
1	0	0
1	0	0
1	0	0
1	0	0.19
1	0	0.13
1	6.52	0
1	0	0
1	0	0
1	0	0
1	0	0
1	1.01	0
1	0	0
1	0	0
1	0.56	0
1	0.15	0
1	1.74	0.34
1	0	0
1	0	0
1	0	0
1	0	0
1	0	0
1	0	0.12
1	0	0
1	0	0
1	0	0
1	0	0
1	0.48	0
1	0	0.08
1	0	1.94
1	0	0
1	0	0
1	0	0
1	0	0.31
1	0	0
1	0	0.27
1	0	0
1	0	0
1	0.26	0
1	0	0
1	0.83	0
1	0	0
1	0	0
1	0	0
1	0	0.19
1	0	0
1	0	0
1	0.25	0
1	0	0
1	0	0
1	0	0
1	0	0.32
1	0.3	0
1	0	0
1	0.66	0
1	0	0.32
1	0	0
1	0	0
1	0	0
1	7.69	0
1	0	0
1	0	0
1	0	0
1	0	0
1	0	0
1	0	0
1	0	0
1	0	0.61
1	0	0
1	0	0.28
1	0	0
1	0	1.04
1	0.32	0
1	0	0
1	0	0
1	0	0
1	0	0
1	0	0
1	0	0
1	0	0
1	0	2.43
1	0	0
1	0	0
1	0	0
1	0	0
1	0	0
1	0.13	0.54
1	0	0
1	0	0
1	0	0
1	0	0.43
1	0	1.56
1	0.7	0
1	0	0
1	0	0
1	0	0
1	0	0
1	0	0
1	0	0
1	0	0
1	0	0
1	0	0
1	0	0
1	0	0
1	0.41	0
1	0.49	0
1	0	0
1	0	0.87
1	5.35	0
1	0	0
1	0	0
1	0.55	0
1	0.62	0
1	0.23	0
1	0	0.46
1	0	0
1	0	0.06
1	0	0
1	0	0.4
1	0.99	0
1	0	0
1	0.46	0
1	0	0.5
1	0.08	0.17
1	0.45	0
1	0	0.14
1	0	0
1	0	0
1	0	0
1	0	0
1	0	0
1	0	1
1	0	0
1	0	0
1	0	0
1	0	0
1	0	0
1	0	0
1	2.94	0
1	0	0
1	0.81	0
1	0	0
1	0	0
1	0	0
1	0	0
1	0	0.63
1	0	0
1	4.76	0
1	0	0
1	0.79	0
1	0	0
1	0.64	0.64
1	0	0
1	0	0
1	0	0
1	0	0
1	0	0
1	0	0
1	0	0
1	0	0
1	0	0
1	0	1.42
1	0.24	0
1	0	0
1	0	0
1	0	0
1	0.5	1.01
1	0	0
1	0.16	0
1	0	0
1	0	0.96
1	0	0
1	1.18	0
1	0	0
1	0	1.31
1	0.11	0.23
1	0	0
1	0	0
1	0.32	0
1	0.38	0
1	0	0
1	0	0
1	0	0
1	0	0
1	0	0
1	0.54	0
1	0	0
1	0	0.68
1	0	0.67
1	0.85	0
1	0.6	0
1	0	0
1	0	0.12
1	0	0
1	0	0
1	0	0
1	0	1.05
1	0	0
1	0	0
1	0	0
1	0	0
1	0	0
1	0.12	0
1	0	0
1	0	0.96
1	0	0
1	0	0
1	0.32	0
1	0.92	0
1	0.99	0
1	0	0
1	0.35	0
1	0	0
1	0	0.58
1	0	0
1	0	0
1	0	0
1	0	0
1	0	0
1	0	0
1	1.56	1.56
1	0	0
1	0	0
1	0	0
1	0	1
1	0	0
1	1.94	0.1
1	0	0.15
1	2.47	0
1	0	0
1	0.08	0
1	0	0
1	0	1.78
1	0.78	0
1	0	0.92
1	0	0.9
1	0.23	0
1	2.56	0
1	0.41	0
1	0	0.84
1	0	0
1	0	0
1	0	0
1	0.15	0
1	0.87	0
1	0	0
1	0	0
1	0	0
1	0	0
1	0	0
1	1.11	0
1	0.44	0
1	0	0
1	1.61	1.61
1	0	0
1	0	0
1	0	0
1	0.5	0
1	0	0
1	0	0
1	0	0
1	0	0
1	0.12	0
1	0	0
1	0	0
1	1.03	0
1	0	1.99
1	0	3.33
1	0	0
1	0.08	0.17
1	0	0
1	0	0
1	0	0
1	0	0
1	0	0
1	0	0
1	0	0
1	0	0
1	0.19	0.58
1	0	0
1	0	0
1	0	0
1	0	0
1	0.69	0
1	0	0
1	0	0
1	0	0
1	0	0
1	0	0
1	0.08	0
1	16.66	0
1	0	0
1	0	0
1	0	0
1	0.14	0
1	0.54	0
1	0	0
1	0	0
1	1.65	0
1	0	0
1	0	0.95
1	0	1.17
1	0.14	0
1	0.21	0
1	0	0
1	0	0
1	0	0.68
1	3.89	0
1	1.09	0
1	0.25	0
1	0	0
1	0	0
1	0	0
1	0.41	0
1	0	0
1	0	0.76
1	0	0
1	0.91	0
1	0.76	0
1	0	0
1	0	0.68
1	0	0
1	0	0
1	0	0
1	0	0
1	0	0
1	0.12	0
1	0	0
1	0	0.53
1	0	0
1	0	0.16
1	0	0
1	0.4	0.81
1	0	0
1	0.24	0
1	0	0
1	1.75	0
1	0	0
1	10	0
1	0.56	0
1	0	0.44
1	0	0
1	0	0
1	0	0
1	0.55	0
1	0	0
1	0	1.06
1	0.1	0
1	0	0.12
1	0.47	0
1	0	0
1	0	6.89
1	0	0
1	0	0
1	0	0
1	0	0
1	0.1	0
1	0.08	0
1	0.32	0
1	0.23	0
1	0	0
1	0	0
1	0.25	0
1	0	0
1	1.44	0
1	0	0
1	0.37	0.37
1	0	0
1	0	0
1	0	0.87
1	0.65	0
1	0	0.74
1	0	0
1	0	0
1	0	0
1	0	0
1	0	0
1	0	0
1	0	0
1	0	0
1	0	0
1	0.32	0
1	0	0
1	0	0
1	0	0.1
1	0	0
1	0.85	0.42
1	0.1	0
1	0	0.27
1	0.1	0
1	0	0
1	0	0
1	0	0
1	0.5	0
1	0	0
1	7.69	0
1	0	0
1	0	0
1	0	0
1	0.94	0
1	0	0
1	0	0
1	0.78	0
1	0	0
1	0	0.54
1	0	0
1	0	0
1	0	0.3
1	0	0
1	0	0
1	0	0.27
1	0	0
1	0	0
1	0	0
1	0	0
1	0	0
1	0	0
1	0	0.36
1	0.19	0
1	0.03	0.91
1	0.1	0
1	1.87	0
1	0	0
1	0.3	0
1	0	0
1	0	0
1	0	0
1	0.06	0
1	0	0
1	0	0
1	0	1.21
1	0	0
1	0	0
1	0	0
1	0	0
1	0.68	0
1	1.27	1.27
1	0	0
1	0	0.38
1	0	0
1	0	0
1	0	0
1	1.05	0
1	0	0.89
1	0	1.4
1	0	0
1	0	0
1	0	0.64
1	0	0.47
1	0.06	0.06
1	0.25	0.25
1	0	0
1	0.38	0
1	0	0
1	0	0
1	0.44	0
1	0.24	0
1	0.43	0
1	0.32	0
1	0	0.58
1	0.31	0
1	0	0
1	0.26	0
1	1.65	0
1	0	0
1	0	0
1	0.24	0.18
1	0	0
1	0	0.91
1	1.98	0
1	0	0
1	0.56	0
1	0	0
1	0	0
1	0	0
1	0	1.03
1	0.11	0
1	0	0
1	0	0
1	0	0
1	0.08	0
1	0	0
1	0	0
1	0	0
1	0	0.56
1	0	0
1	1.05	0
1	0	0
1	0	0
1	0.14	0.07
1	0	0
1	0	0.24
1	2.22	0
1	0	0
1	0	0
1	0.48	0
1	0	0
1	0.54	0
1	0	0.15
1	0.66	0
1	0	1.2
1	0	0
1	0	0
1	0.17	0.17
1	0	0
1	0	0
1	0	0
1	0	0
1	0	0
1	0	0
1	0	0
1	0	0
